80 75 70 65 60 55 50
IDStudent 30@mid 30@po 40@final 
5909650029 25 25 30
5909650052 15 20 35
5909650144 25 25 30
5909650185 20 15 33
5909650193 25 25 30
5909650201 12 30 30
5909650219 25 25 30
5909650268 20 15 23
5909650276 25 25 40
5909650318 25 25 30
5909650326 25 25 30
5909650359 25 25 39
5909650458 25 25 24
5909650474 25 25 30
5909650482 25 25 30
5909650508 25 25 30
5909650532 25 25 12
5909650540 25 25 30
5909650581 25 25 30
5909650805 25 25 34
5909650821 12 4 20
5909650847 25 12 40
5909650854 25 25 30
5909650862 25 25 30
5909650953 25 25 30
5709650690 25 25 14
5909650086 25 25 30
5909650177 25 25 30
5909650227 23 25 30
5909650441 25 25 30
5909650466 25 25 30
5909650557 23 30 32
5909650599 25 25 30
5909650623 25 25 30
5909650631 25 25 30
5909650656 25 25 30
5909650664 30 30 40
5909650706 25 25 30
5909650714 25 25 30
5909650730 25 25 30
5909650748 25 25 30
5909650755 25 25 30
5909650771 25 25 30
5909650813 25 25 30
5909650870 25 25 30
5909650896 25 25 30
5909650904 25 25 30

Net score & Grade
5909650029 80 A
5909650052 70 B
5909650144 80 A
5909650185 68 C+
5909650193 80 A
5909650201 72 B
5909650219 80 A
5909650268 57 D+
5909650276 90 A
5909650318 80 A
5909650326 80 A
5909650359 89 A
5909650458 74 B
5909650474 80 A
5909650482 80 A
5909650508 80 A
5909650532 62 C
5909650540 80 A
5909650581 80 A
5909650805 84 A
5909650821 36 F
5909650847 77 B+
5909650854 80 A
5909650862 80 A
5909650953 80 A
5709650690 64 C
5909650086 80 A
5909650177 80 A
5909650227 78 B+
5909650441 80 A
5909650466 80 A
5909650557 85 A
5909650599 80 A
5909650623 80 A
5909650631 80 A
5909650656 80 A
5909650664 100 A
5909650706 80 A
5909650714 80 A
5909650730 80 A
5909650748 80 A
5909650755 80 A
5909650771 80 A
5909650813 80 A
5909650870 80 A
5909650896 80 A
5909650904 80 A
